$ANSIBLE_VAULT;1.1;AES256
36333166396261643166646564343137396537383130643132653263316434393338376562653937
3964636333353439313235613331383736643630633930380a626236663831373865346334336437
36313733323134386136363131386437643166616264666332663338306464656630316165623964
6137313061376231370a363038363366653438626164636138633038396439323030363861653636
32356337393564333565303865653736383038313861616435626634303265366462643437656230
65386131323532373038306130616261626531316366356532343634353661323161663563333930
36666664363434343237633538383361373933613365346563653431616362333036656163376161
39323230356630346432313832333364373434663237373838303331336363666166393066373737
65373661353630633763313531383162653566633238623936353566643037623737646133336333
35343662333031333933663536393837643832353932376430666663303237653666376565323362
61306562333738623861333739643262313735613037623662356133353164386261396338643366
61653033663262373039303862366530366535626439323632333136333030643363343938326535
65323462373334363138623361346561313063343736666363343435653064393233323963663438
61383063623963373037626665396236336434663837643039386661323263353262666136613461
32393738336630663161656662383234613437313464383831613539376638313630653037346462
33616362633534346362356664313339633934663536633066383139393663663734393165323736
39383835306332396165376161386436653138646234333562373730376133333337336632383539
62653966643437393762356161336161663463373661383031366139633663616635643931663763
34333264623833306261396562666533336166633161633330383536643332356337663164326436
35623866626537633638353233643962656237313261316265653732393739636162396630616661
62323733636466353836323239333939633737633662393939373632393131356534313931656432
63393535353638363266383961326433303466373262313635376433343435366363626532323763
33313135383933653032346462656366363333363466363637613332626362323731653266343761
35343236346633373231386131326565646565383236633330643862643436656634386164366162
65396330616465626631643662663631643637613037653735323662333462343436353836333733
64626139656162353331326531643337356237303634363133373039303765666264333434386539
64346566353032333764313164393538616631333530636437353538313339383964386633353662
36623834343664626235633639376338663335366531623666326361313864393436343234316165
35343832616137396535353437343964373863396665363536316139303237316365326136636664
63353066313139343766303635616661636166313964343033646635343335636333616132313064
63646462383933313738633930393634623132363637623439343062303665323662616233326664
66633130303364663465333263363835663035326531376565313562356135353139353738363532
61643233313232343964353939336330636437303431393335323165366561323236366465623034
66373138333234333661613232623039303132653165333666373636393135343563643261363564
39636537626139656561646331383139313038393565656333633966383561613833383538326361
66326236346165626131346563653633333735303331353430386631396230366134316433303232
38656436373136656137346432333839663666663232346366633137343136353935386336663066
38633963373463366539333765376431383564316236336531623635643733326332343639653763
30636430346338366462383531636530373862666639393631323133633030653764383735353035
33616462616533383232376435623633663763323966323332343666373735346363633931333765
62343261396231323639343536616363333232306438303631623532633834353163393333396666
38376235333735386663326439336537303265616431303738306366306662356262393966636666
39356266383039633534626163643662646137333235643566363238333539643464663833656230
31373036393365353434633864356666343634356233393938313235373935336662356132646464
34613962303864626533666265633831306466386666373836303430613266333362663531353333
30373335623836623964396432663531643661323464333938303838333365313530663139636230
64643134616262656466626339303661313764376636653639333965646461363532666263303862
37376532666430326331346163363232633831346239666132633839633863666166306365653565
63343936333161383738356538633566663237616666373938626333633435666665323764626133
64613534623734653437326433383230303936383733613264656133636663326437643735613962
63386263663936666661393765643439626639386133383161653039656237366664343934303430
38623630643834613065316232616538376563646133666566346139643535303433373830633065
39363664356337373134373266346366336561353332336232616434306436336632303230386461
35313033643166623662636538373366666433343132313234393761633763353132333464656164
39373931373238336430373761316138303036393439653664633039306566386336373166386430
31303536306665323531363863396162376564373231363464316537343966313436376433336131
31306262306530666137373566353735313366333765373262663364383031366336393363656337
39646665373339376630393037653338663761363233316161353432653238666161656161396465
34656538376335653762626263363464323437343763343463396161633538633964353461656338
33313232333133613866633330323663656333316363333439396336663462613434646133383935
32366539353338663063373064393161326337656532366233336630666661396539396535623866
37306265323638626432626234306361653436663532333333663633313233623538333361623634
35663963633861323765653963323632666337383533623331646532633066633764623265393164
33643762356266363138663164646239366430663730636330333364643566313836353339316565
65613563626461316264353130626137306636353438646162303530613833316438323662303637
34316661613036353363386433616332333639663166316363313564373931396438626433626631
33363763356436386630623133333435356134346535633331613430343430316266623332636436
35306436336336666136363039313936663562326262353662373534633638333939366266663431
35303364386239316231353463316537636165613638393134373235356563623761623062346366
61396237623962383766356561313362336662353738383933626337666430396539303734366332
62353039643166303966363136333139383431353638643935313030333133303137363231643732
62376166323534386661396137623133373133623635396337636433613835333339613866393634
31313831313363386163383864346133366437366362386231323236626264333139666263366666
34303662663630346139336264346136363936653762363331636331323763633238386331323134
39656634366664623661353837303663303066613234636162663934376338626161636131353134
65646539353939326639313535363964656331626466346439393936336463393135316530616361
36333934623365333133353733356432633664316433663066326636356163656131353336343331
32653737323534343233343062616434363130323537316433333564626336386231343431323434
37356439383934326136616330643639653263643865653834393933623539383761343435356462
64636333383762626161313937316332326236376630376338653136653737376336383762623232
31616264666238613139343739663162666163613535353438323331343630623165373736643731
32636564656365373837663466363663623262396563643635383865393663356463316234383337
39333162386461386333373266626436663031386531346133373939316431666535396631393130
63343462313264386131356561346363303337396232646466623733313831393563303634616130
30353530313439353861636265346461393831373261656262356462306332373964356166636431
65613438663131643662353164326534373966373965326362343539333632393136393630323762
39383865646430353637333534336365663363366634653163353435396637613464303537663437
30633536323333633034326132376238656235656630663062383036613332643532323564343130
38646130643334303033636135393731343364626532313335653662366463666338656635363364
62313031366561316639303961373333306662626461333533393361376261613639313530323439
39306566363031343261653635323266613436666631373563626263623564353833633439303638
66393930353339646464326335353862313231386334633430393064666536303033323263323739
38343733373333663038396336626330343462323463396235623636396263396566303637663537
65326432393033373761646638633730383237383734373161383931356530316437336134623432
35316633363266343665363035666233366236346637613332303736326262626639323765353834
32393034366532326562383363616265653065343938393563353433376163336161623331663336
33636435653961316638353965653730396433333138363532346465326164353633393933396535
30353834613036633333656237383737353865336562343337643033353265623535396531663935
31353539643164643136346362643536323166373837343231376335616331363566653038353636
34383533646434626465373037333236343261636335303133313934343130623534363266373061
64303138613832303263363566613333313038393234376138373835623633343865396633636533
33646435383736666563393832323731323663316535336232333738616263373537383066386431
32356338356236636365633863643139386165316133633636633938663738643633346333623533
36646263323836613437656136386566626538316533393130633831623166633264653831373833
36633765663737396639343466396163393166323766663966373936373666653763363462343531
38383938376534386231656239343462623639623338363562653638336632663461623862616434
32353938653062333034616366383163636536386638353633626563366233393936376564663736
30356662313537393465353138386438386265323233313663393363373931323434626333666261
63373563633434633361363635616230393534663330643130313762346532656366353130373133
38333866376331353532346432393830366637373665656138353262326639313238343361313961
37653433313764353366353236626661616362353937653238323533643637313737346439353732
38326266616231626233313062356237616166343132396461303935376532613066346137343437
61373865393433356638363430393865333937616531376535636564383731633063313263303831
31633564376537353464663539336261363535393239396362396331616437373164663062313234
62303736383364363066656138313037313166623836623931616465663432623961396165636231
30323835343031633763346365643933626366613663613264656335353039353339623162636137
38353265313639313538336234336636333033376662313431353031393736323630323934356333
62346566663537383935326462613833633239393531653766623266386165663438316362633539
30393234363335663838336564323335363831343833356362303661656232383330616565353235
63363237663733616564623335636232323539353636633361303265633065393535636566343864
61643934383136643833633263633037383763623363383039353536376561633962363230663136
66363136653439306465363231376234666530663164316133323834383164636161333339383865
66356663386337366238366264666131393963666238306533316435303464336231376137636466
32373135356264656239323034643263353033393962623237323839633835633737383032666239
33326335366139393534343730613138656330636363663962313464386539616363643966353530
35613035643463373264376639613430313962363836643031613336306436386133613538356531
65393036613566353934643037623464656464653539323839623038626336626638626133643534
31623461656435323363633239343263613361346635373036326261366233306366303966393764
30393432353732306339383965383763386238656262663432333734393436636364613536323736
61663932363962643862343162376365616134353639376164303165383238323366633064643533
31333731666231373930386539373333613332633636353333346561383966393331336662343166
63326363633563373233346262386536356565303839346539656661333261626362623039383566
34373233633432643162663034656232663034333365636163323232313539303865323431346137
66363566373165653038343135663833353135363734356632336634313631313638306531616237
36656435343264313631383837653365366231643862323036303964613638323937343430323265
38343166333936396130383866396364373930333064393234393631353436353938383163386165
39623534643930636261643833363436646636643735303331353863393263373535376236343361
66396636303430653563353463396264613435323035346534333233613936623732383432343634
35313938633565376664656261336530323061643530613565386431346639323433366336306164
32613234396361363562313033656438623866613636373965633230383737336136393366376461
39633031343862646437313738333630636631613665366532656136393334363438